2569610900
2569531910
2569470828
2569415435
2569227952
2569119771
2569011425
2566934520
2566866066
2566800064
2566725198
2566594115
2566482748
2564666119
2564619977
2564547149
2564485350
2564408925
2564310434
2564211031
2569610900
2569531910
2569470828
2569415435
2569227952
2569119771
2569011425
2566934520
2566866066
2566800064
2566725198
2566594115
2566482748
2564666119
2564619977
2564547149
2564485350
2564408925
2564310434
2564211031
2562671370
2562582896
2562521800
2562482317
2562425844
2562388622
2562303634
2562207201
2562091541
2560502724
2560446360
2560377671
2560320998
2560226228
2560158271
2560069057
2559987699
2558534849
2558473213
2558387942
2558332885
2558290213
2558255566
2558190331
2558113366
2558033556
2557955371
2551633824
2551608784
2551582637
2551558915
2551542809
2551542175
2551529539
2551509577
2551474091
2551458951
2551444424
2551419679
2551398791
2551398734
2551385390
2551353251
2551334799
2551292188
2551241703
2551226728
2551219428
2551217301
2551170074
2551167223
2551125992
2551078113
2551042502
2551023876
2550972124
2550971502
2550969678
2550962469
2549664835
2549658092
2549650330
2549644214
2549589275
2549584654
2549583869
2549567377
2549509878
2549498173
2549479137
2549469759
2549431849
2549424687
2549420309
2549410407
2549381544
2549370824
2549351943
2549342148
2549313529
2549312032
2549304968
2549289998
2549222661
2549211234
2549200733
2549189874
2549141737
2549139153
2549124641
2549111670
2549029930
2549023865
2548970550
2548968400
2548908956
2548903189
2548899546
2548889995
2547614737
2547598732
2547593329
2547592629
2547545013
2547541147
2547532940
2547524050
2547470370
2547459841
2547448984
2547438767
2547411769
2547405264
2547404209
2547401914
2547363773
2547354532
2547353470
2547331853
2547305725
2547303225
2547301927
2547286015
2547224905
2547208285
2547200329
2547165450
2547155844
2547154885
2547137044
2547115445
2547040899
2547018705
2547014655
2547012516
2546943823
2546940273
2546938575
2546935618
2545445798
2545393745
2545320723
2545299883
2545254388
2545251072
2545114502
2545101126
2545034458
2545028860
2544942608
2544940901
2469911737
2469710165
2469606033
2469469364
2469377521
2469153904
2469038175
2468957425
2468922471
2468846659
2468766885
2468728087
2468689041
2468608023
2468559869
2468551031
2468492567
2468463759
2468440492
2468369993
2468160658
2467933282
2467792562
2467763435
2467731883
2467649043
2467636453
2467593841
2467484798
2467478609
2467449437
2467373931
2467346817
2467311403
2467241036
2467198973
2467119481
2467030787
2467020229
2466917982
2466903757
2466812760
2466794237
2466696661
2466472513
2466394822
2466329104
2466251464
2466151858
2466075858
2465954548
2465741210
2465649035
2465530478
2465529645
2465524303
2465379514
2465353157
2465299203
2465280543
2465270502
2465135350
2465129123
2465127321
2465101901
2465024200
2464980610
2464976921
2464973787
2464971377
2464869280
2464857522
2464848079
2464847711
2464767697
2464765728
2464759509
2464739613
2464677668
2464672010
2464661404
2464657058
2464626644
2464582563
2464575463
2464572892
2464572308
2464459513
2464402989
2464347560
2464341147
2464317937
2464239144
2464237242
2464172585
2464155542
2464111444
2464053242
2464043004
2464041146
2463943541
2463866292
2463859768
2463855212
2463711060
2463706598
2463703523
2463569399
2463564353
2463541690
2463492421
2463407690
2463391722
2463351043
2463333087
2463303682
2463296249
2463253508
2463232208
2463214378
2463164128
2463161660
2463147675
2463132755
2463084913
2463063078
2463049102
2463047834
2463008349
2462992113
2462991375
2462988145
2462978052
2462948101
2462927947
2462917508
2462844785
2462822944
2462821757
2462816076
2462800117
2462798717
2462789056
2462768739
2462755300
2462735745
2462666165
2462652353
2462624643
2462617735
2462609100
2462606875
2462540843
2462534343
2462525743
2462509279
2462479057
2462476425
2462429521
2462389587
2462385999
2462379612
2462379425
2462376179
2462295335
2462287435
2462277891
2462251386
2462248121
2462247848
2461928708
2461926251
2461860027
2461845439
2461746185
2461742564
2461673740
2461672415
2461554668
2461552470
2461514781
2461504999
2461476971
2461377243
2461369456
2461361885
2461220252
2461203360
2461190427
2461049428
2461042797
2461015742
2461014758
2460871765
2460847765
2460843202
2460737408
2460720900
2460717170
2460703211
2460688631
2460678157
2460578558
2460575010
2460572757
2460572040
2460552348
2460543710
2460435158
